25
200005040090004600407029350500402867720000090300900504070206035940081070000700901
100400820060050000000190035305014279621078054090023000000200008508040000046000590
560007000090683004040015087600002079030000102000764030920801000403256001800049020
010427508600005300204603107008064200060000000409102080300000026706349001090206003
000048097700501003060000040090000810804192370617034520000050001036409000405000030
000062083600809000010000900800020000350000804060500091506408317104030000709215608
100007904728590010040003250694000030010309000050000090260050078501030409473000061
200000003000081940010430000071540629063872401025009000790000504040008000100700230
420903806910080204603050009071040690309026085000090300090060400100009500704508000
800020910234510007710080054600100305185000720040602800068000400000000162000407530
107683040042910006068007030000132790000008021209760380473000008800000060900070003
030870540270000001908010070000469150000200090169730084007000405000150703010340028
470000206800006040900045071000204080342687900060010400030002098600079100200538060
000208053080001970006300000601000320000007009930100000350810742002750000867490031
056891040040700001801005200102070000598060004064038100027003050000204007900080432
000302905009640700010000002050000036203865079961207048402000007170520000000004600
001760000000080250820409010090510030210036700050804090960000008105670400074290501
100400820060050000000190035305014279621078054090023000000200008508040000046000590
709000064000001300340900000050009013007400000000605420420590681006120000571830940
206008000000040060081000207000037029010002000300080604070904000143605082902803475
015607034027000050680004710500100400030070008004008920309706105006891300070305000
406735810278096540000200790062403000000061400100000007000300600017050004609000205
300210070080050916050406000020304601010902000760005009040007103801609507002501800
926340001001700309003800206000007000060910420097200603080470102704162008000530000
005074000000502071300000400007200000500080043801000709058097136046328507093100000