25
247091068105760300860400007900206000000947680604050019700030920409600000000000403
400038000208500000753001284000924760060070405374000900530409002049052030020000500
000062083600809000010000900800020000350000804060500091506408317104030000709215608
800913400040007905090200600600305070150020309370890050407100000080479030900030064
010000080000906507009078000035000270007600000090030108201500000903027451804163790
000800005840703000012006030791360840680920351000140007078000506200001000000600280
000004500680009000250380000020043800340008006800652470162890700508067209070000605
015300960763400100008001000100000400096040018204106750672080030830250000509000820
007000400000370908090005760001800500275640800948530672003090000054200096109703000
090250680005910020043087905407102508080070032900000004304800000150020300600005801
008024000090086050302009600926178005800040020070600001680000409219000008030895102
006000300001903760473000800060720930340500078100380240080201400730000100019407500
000600300034000570901070020158043702023167809000500104305206000000039200090000010
105002084006301207020050000090010000802036740307020090470008001001600009269140370
000040080604530000170200005007100000000020704340000820913052406402097518000016030
580120009002040530407000102620800005000200091050004000860072903000951600790608250
000200038218039047490867051930000702085070400000600009500000800000095004029406000
000204170100530800009000040000003500098740000430000080240657018007000052915408063
870926004309801062200073809130005400500000026004010583000000930003000045910040600
001905007200038049040276501020000096054003000109480700087500960010809074000060080
000960504020100060500000809032000051196753002705000090984501006200009108000827900
004050920005200060062008400490082050210400390053016200000890002007103040040527800
500380062060492100029006304076040031008205049040031000400000053603700208001000006
000050790070006000902000805621530940059710386000460002094023000000090008706005030
026030000091865740078402316700008069004050000803000420600000900007904000000570034