25
080070305257008096000005070409360000061000040378010020030001904705000182006482500
000007040082600500730501000000038010198065307670029485017000064200800000000006702
260980541781350690004210000630090000079000406000001030800009103007060000000048260
032150000005000208190204703257030640980072001600009827378000900400060080001000300
906340810051700300470091005000903002002087000107200600085009100034060009010508706
615830049304291076000005081007000100530024000000370004803000905170900400000002003
587210094014695083000007052170064000003000500000130040021000970000006010350900400
000080050076002003840013000280690375000470010197230804018000520000020608600007000
501004002609507380007000400006302010210000006700900824300601208960700105005200670
030000100500096020280340000094000800025879043076530912900600000000083501050000036
830405020900700058156020300008072500705030600060049802200000469000084700504000081
090200000000010908608000710000080070380560000209100005000023060462051803810049527
037080050409650000000400001672508490000709006804203517046000108300070000000800340
093054000000920040200000800386190074000003081409578062028700400000005090901000730
000310509649000801531080670210040306096208000700601080105900700900003000300160008
760000040000060002054907000300206004005000070000170093532740680009000120170892430
027568090000007504005340007100605740508730002700200350040001070800906430006470000
900000002402005086650400000865132000304090061029000000006070543743256108001009000
062800005010000200400050900058130749000000600091060308009080520304900867586420003
031009250072531084040007603107090000090008005000703006908004061700100000410962300
309000201002800000400030075000408029500000700004027000076583402043012956015900000
062405008005000420304900560000602984027040000000001000496157800208000705750004096
408571906276809305010000407000408061020000008600730090000003070803000009092180000
726018340090052000504036982600300021070004000000609450037000094401003000000200100
820040060001600890009831507490157000000000000053004000960415008100763200300028051