25
000005409451002300982000561607000980003460000500287010040070096300000700005946802
106482000705090080832750060308514620009367850501000700000006300000030090010900008
400032005508764210002590704305801006026049050801000400903007500080000000204680000
043005020070962340002407091030050400007090000805700160004006910519320007006070004
005074000000502071300000400007200000500080043801000709058097136046328507093100000
000079200000000467700162090060910720340087509090000300006040170801720040473000052
001800000670203010205700603350620800762058300000004050090586000500900700026430590
001030026000810790040700000124506370080209000709103852000020600607300000430000087
421730850059280674600490000035800000000004300810000065000602590100500000002008043
603004001420913065010007000030070000700008002008160007870305029349700100206800304
000000300820070061360105000050406030093218705482003000270031900005007610000609207
910340007083097050427000010002680400704209000008034160800000040009000726056003801
560900427300680900090004000020005801801020300400890056730100090219000064080400032
920340080473801005800706034085009200009000470730060809000000002340000001007254360
000050107900086340427009068008260000764030209032004680871000000000000051200008473
610804000007000003000760400321650940064983270000001350056000109000008600730090004
763005009015002370928004001000530980030609250009020010000210740050400030080053100
904605000200704500830219704052100680086002015300568000000070206000800349540000000
000900700507000130640003080000047800170890000004000060000100605708639204261075308
031000006049200038020010045750006000208005600096032750062070004005009307070561020
070503480030600702000870016050069208090200507400000001800047105367008904004020003
701308694000405002243607150000700810012000907800040000084070060000100009105260000
190020508067000040004683090300700209000100605000598004405800906206040051901006070
026000001045071000801006070000132680538000019000000704000027068080915002050683097
400038000208500000753001284000924760060070405374000900530409002049052030020000500