25
469000002700280096281396040870509600600800000510070984026000078000020500100000420
560000470409360501308510200045090010032751000100002307010905700007130046004000000
010009008207030000004602030378400009429000081061928400006084307040090010830000604
073129604000005809954380701060000090305207000000630007000002003038000015609010070
430500006008020019017000450860200070074800260109007830200178043001940007000650000
850900720926170300003652000568000013197006004300509607000407000004800000600231000
080007001610590800200003640000105400000060208000048003070401902029736100061902074
000004531831007609549000807020501070410000960063020000000030496090740010280006700
000900070309160000820040006190000740000400209002080000581604903904502687000803010
026350001801060000000819506302000105500900000090240863005497000034120950000580070
560903000000087010197000080000890200900045800851020340734000598200508064000409002
040032000731086590209015483070090000000140920100500036000300600057000049906050000
000672040027509036640031070070920010105063200062400700090000000208390000700200961
200040057001008000406000130035006000079485210024130695002710000000802061500000700
685130047700000010010764050900070504801009072403006000000427390040900068107000400
300000906687105204095364107000509073070026010800000005108053000000200060052000001
530290004002743500409050130000580007080024900200109000005002871090007000726800309
000830504060000003500109700040000081615370092803241075076403000000090100309000007
503910007026030805490086200050020178700050003809000002000000024078040019045790300
007520600040000080036104000290407856150000030760953104070000402000340078005002000
005740002030012508010008764060093000302007010000500003801206000026400000473981250
300210070080050916050406000020304601010902000760005009040007103801609507002501800
000830504060000003500109700040000081615370092803241075076403000000090100309000007
000050028580000760069730005094302100000075006307916000105890672000020000020063540
010427508600005300204603107008064200060000000409102080300000026706349001090206003