25
400000960703400005020001004000830406096000010004106753072980500801007040500013827
000608402030000008400170500608912054314805079020000061000007100807000005053280000
049031000030070980800040000006157802050284106010000005085703409002005370004020501
451090378730800420900000560020051004813009200500207600100040830069000040208003000
008910407000007005107254000470090256800020009020005801605070132019530000000100590
060403800007006040300050006123005409589700060700210500400008013600190204050302600
001004600827103509049520030200000096700016084000382007000008000085000763074050908
029763801308010600561900003000602305600040008200831400802100064045006000090200000
072000500031007600009013027400008002028560074763009180300040018000830000004106053
000008001620000940109020000040780000586130092907250834000045079060090000005002180
009813057530607080807000013070080560900451378005030420000175000000009740703000000
290071000080309006040000000907080204000900600008020913029704038805100079074090162
020170503050000027000650090210407030734800001005031000008704019302000780190086050
930270050080035920605001473740190500500860042300020107013049080009000700000000200
080013400420680000001054083190008700047002508050009030209305070500720009730000206
004000800720350000000047003480001300067000102000500007073815049892076031000200068
903420068050000190607015300070030680100008700008060019091250473305001000706000050
069750802080093000700082096000500000050307409347029001872045013000038050500200000
823157004000306802169004307000010260400700001500928400048002000070030040001509020
000080003073000105460100200000050076032861049695703021004000600000304002350028000
206000091430090050000800006741026509000100204605489307160508000000063005003000040
702350000800104007005000600049580176087921053031000200000205860100040000008000045
000870060070000200803056000234180096000003021068592047081000930000005080702900600
001000928400185060078000400000000600250040801613007500802096050705010300196750080
624830107018920365000760040000080901009006000140000580960008003000010050071043000