25
501602904609800000827009003406107002218300005750004090074020001080063000000005370
009218000170096800040050006451060370000005009902370500600501000000049257094800013
015300960763400100008001000100000400096040018204106750672080030830250000509000820
000270180009005000800000507930000020450708691680492703008950006700000010206307000
004910865000087043080200701031409086895000037007000910000005620903020000002890070
000762090000380027280059163000000601015003200600045708020900405070824000900507080
070130680002000030530704009003020060000915002004083190005000906700340850890056073
607042010250107000013560000001073200006850000305906870070000132100730500030200064
000580093300207001004000080041908000000070002870000010009000520580692130432810760
005900000708000605400070130061800000032197504047065218000409850004053000100000003
000071042800040000010006905700250000581930064024610573000005090608000407049060000
000205083008000209010090000002000030045026000080901400601000050804157602907082314
000060005350000107904001800000405008040000900705680000000070039279503081580196042
340159082570024163180000900400000027001007000000290406903082000004710030200000600
098703002704000500030008409800902005040015006056407091007580003005000680603109004
960700005005040070074001208400082517700900024200475030530090760040000380020103000
658024910432000080010000050296100005580043706000050000009007038074800102860001070
405000962063400085900016374090000010057000496204000003031275040049600800000008030
304560900185009700000078415020010049049050000001980670490030007018745006000000080
100400820060050000000190035305014279621078054090023000000200008508040000046000590
027500900003100200015304007700201500598043160132000000801960345009000000006037090
060010004080090200400000613507460832024035096036200700600150420045000370008007000
400230000259670018031980264090008720000409031500100000805000140000002007017800000
108940607000008000304650198065004009790000400200500786407805200006201000910060030
145000378070050000000307061800035100936000000007409000062510084301094007050870610