25
150000000396210000004053106410902078703005409008300561000030080830600200040007013
003200000074000530060070901607053849108927360509400000090000010006031000000602403
008960040409000003561370098190753004000210000000000507984500760000049080013820400
480001000050609800316820500007200090090000284000096050160304028073962005024000060
501020307070010900029060008032050060040006280096004000984670500050800090613009802
300000906687105204095364107000509073070026010800000005108053000000200060052000001
000400000005126734460003000004001068010678002006205007652800400900060050178350900
304560900185009700000078415020010049049050000001980670490030007018745006000000080
097680245008400030042910000005002097700000006019004580003206800051000760000071354
048000500005381049000050000803517400169020700054900000516290004402600105000045900
460030019890102034030000680170040020940720001052091000000010008500607040000250197
700000006000028390080960000800500760090002000530000409074003000058490173016257908
009000073051600924000090065960507230080900000037020090315060080096381002070450000
080709002034010090000308000006430801001276040003001256000090027340867900090504003
916340780002000560530826410000070006094203000370000040100607004009000030000530021
002000095750219048439870016670000080000600900308027000000750420003000070040096800
672001984031000000040020003405000308920370500760000020000490832306000045004050196
600500000380000602010008097801062374409785106702300000000150063070000900100096000
002300004080069000459207160145092038670010040200000651017006300000000075804500010
020801345470250001800300706060000000002905607107080254704000000005130400200004538
926040080400001000850026409097004063302000100500013040000079310704000058200538600
007903068105000042860200197000005020000706001020801400900002030074008009312479005
405060007003005400928304000150400803006010050004700169600501948830640005009800000
000004007620050100094013000006020000430000075000005460045608712283501940000902003
060915040103407060024000000030800926006300000001000070749000605600008734350760219