25
860000013090000000200109600000001400037900000002007508020710005000003726004500000
000002800060050074530600000000040050680100000004060017340000000706039000000000040
080003060600802400200690080000069510705001900000700000000000000420058000560040090
080300009009500700704000000050001002140006800000004007090005060000000000010200008
900706031600400820207300009002001400700060200190000000000000000060089070409600000
000240500607000000050800000400010000000004010060050030300001006800006470706000801
500070980000000000007500003200096000003200000490050830070000001000003429902000000
608000070740009000000040038500402000004950080070030000030000090005300006960810005
800340020200000000340700001030009005000160734064000010000003060010000002000250190
008102000000000006200704503006000901020005600179003000400050010000000000060000304
070005400000000091030100050020004600300080500000000000600002300800400906900001000
000060010010000780603090000760000000000000060000080974801920500050073000040001000
260015070080060000000008560690007002810000000007084000000000050005002904700000000
000000063500400800100030040200800900000000000001007400006300000009200100007080609
000006008060050020020007060051009030003080700000705100038600000000503980905800000
000000506005080004003200100002070000064500200090100000870305000040026005000000400
000247000000100070197003500000001003050000060000000908605000004030908000009070300
700008420405900000900047000006080005000409800204000100002010080000604050009000603
090700800007050300504000000000500004640090002030100006000000000060900100070002003
010008900703400005000060004090005008080000000057830006002000030800050000000013020
000000000900300050040008020200700090000000106001800002009004560300005080100006000
031040000000005080007000004960000501105090006000016000096020000000754039000009408
801090045000000000206007000002500000500073002700901500027006903000000600003710050
031002008600080000000000031750000069090010020008036000900005000070200000100600400
530200700002700008000080100900500000087040000050190603000920870000800340001070000