25
000000601600800005050700040040200030000000000009080050060010000020030080400090310
060800010000900030890200500050007040004006300309000000040600002000000000080001050
700902080900001004200000003000320000060008005010050030000000000100005700040009008
010080000096207000008600540000000080100705006060000157003061000000400763000070400
002080079090000100704009000910000000000008003080007250000020045000400090340000006
400902300063005009000074001000050100390000005007000800602000904000040000540020610
000050004070006000010000300008410060009000500001028070000070105020801000000049020
001005004000009006406300008000000000007080001004003500003007200070900100960000000
000160004000900100000073002001000000602400031500006000007000090090007200280000053
000072500070801000630000820000057400700090000009280050006000000402000080000005900
000400190030000860007083500000008600805100000020000350081040000000070000040250000
260015070080060000000008560690007002810000000007084000000000050005002904700000000
000002904087009003409000050028090000000007000000080006000400078010060000034900001
004038009008000004000070000020000560000000340680200000000040020309720801000801000
007000005500420001040005600605100000000008000200000080920070050073006000001009002
130002084040030200000540600069000070080703020070020560000000005000000830307000090
070000032000000700200050090600000900810649007004800003001002000000185000000000560
301670004000031000000540060070000000008006070006100382600410000800060000730000051
000000000030500060002080040050060080010070000300020670000000107100800004040900030
040600019008000034000027000000000690060040000800050007097002560020008000580000000
627350000003060000090000010070946000300000740008003100400000008000010409000000060
000000803600300400700004050001009060008003000002500081000000000006020040900005010
010070080008060004070000009000305000030700800500001400863000100000080042007010000
000000003351600900409000007070000190946050800100300005000415000005003000000008061
000700020200006003050000940010000000003020010928500730070900050800207400009003007