25
900000530200801009030009027300000060006908004490700000004000010000107000100000000
003600000900800207000000000040150830070004000820000000090005308500760400000000560
003100004900000000020500010100080000008730002004009000071006040300050006006003090
000000302000306100903000500000000000000007009162890004800050000700003001345070000
500000009009300000027000100400500308010006057003000900900045003100070000000000605
700009040000000305050001700000000000400008060002010070040020036500030000800060010
000000000700090200040008300000000016300050700006080030900002800600001000007004102
100050006200800107700030000005080001000000000600002004000000370009040008006300040
050400002300000745000000000400002308703100420008070001002001084000649000000007600
000400506000000430060500010003050090407000800900087200071005000000006000050001004
010000200000831000000000050000107900005090008090000003370005002409760000000008034
840060501000003040006900007020710006000630000900000050000040060200000180005000300
000700400080500900075300010010020600704000000600080040000000000060800003050090100
000000540700300009005800070000000000020080007900600001009020104500040000600010008
000060010010000780603090000760000000000000060000080974801920500050073000040001000
100060900006300000728009030000000020000006004000024109009100007580003000003200000
000000000009600500003001020300100004740000000005800300000007400097002005001009600
078045000900006800652000000024003000010680300000050000090002730001000005060000219
501000000040200060600300001060030700080900040000000000058070004000050010030080090
001062000000300000400810000200003700730120590600490100100005603000008000500930000
000008260000051003060040001300005800000080690204010000549000008002000030800000000
000200800100900300830070600400006100300700090000000000004020010700400050028000000
000000000005020010040030600003050400008000700001380006050002007000708000090060200
007000005500420001040005600605100000000008000200000080920070050073006000001009002
007910500001000003009040002040008300000301000060050008020090005000000000004080070