25
070000003900320007000109520020008749509000010000000000800960030300800200005030900
090050001000000093100060200200070800004005100000000000900003000700008500020004380
005000000070900060902010070500602400040030002020000310096100000200090000003204601
000700400080500900075300010010020600704000000600080040000000000060800003050090100
003004000400000692920060700000000940000507008080090000000306200001052400602000350
700090080030060004000000000200000005800026400600070003010040009000205000070900500
090001800160005030000006700002900070706000000030400200010800300000000000020009005
070500000000003000500627980060170002201009740000000096900000000150036009000002060
408000000002006004050001020020600700000000000030009050380700005060300090000800040
070020100603000000200300500000030060064700080050090040040070900020008050000000000
060007001001080762200010400090008005000009000030560200900800500008740000070090800
100006500000059000800400006200700004001600030000000000007100002009000005003970400
031400000008000030000008907490100805006509070000000100304017090060090500800200000
009000100021005096070000000050000602000000831002003000010029003000078000400001900
200400010000000064800010500000000000020003100900050700060040000070090200030500607
000000030349001200050000900020508000000000867600000004000600000598704000700200008
700090602000102009010700000568000003000683004000005000003050000000800405001000070
700008001900030705500002000100900004000000000080003007060004003010020040000000250
300060400420005700000300908004000000007000831600020000000400007000703284000010000
040080020600004801000605400300000000080000342050068000904200600060009704000076000
204000190900400060007000302030060000160008000000030680300801900700040800000206400
000072500070801000630000820000057400700090000009280050006000000402000080000005900
903008007007040015250007000000209704060000090070085000000000800890073006000001300
001400000000062000007000910830000090004910805000607000700040600090000000502000304
007003540000200000030084072090000007010700000700100280105009000960008005300060900