25
000000000900300050040008020200700090000000106001800002009004560300005080100006000
007003540000200000030084072090000007010700000700100280105009000960008005300060900
700010306000000050106703000000000040080000070050609000300000015500070920400005003
000006000400157000003204010060000030074920050180700040530002000600000007020040100
000350004030409007500007010100040000200500100096028000000002070060000009008034061
078045000900006800652000000024003000010680300000050000090002730001000005060000219
100832000000740008240000700050008900000009105902560000600000001803000600094000020
004860030001000090800009060500206001027001000000043006050000000009000400000400015
600040000900005601100070300000000064030004020080020500000000000300900200070050100
000009030306050080700002060040090700039000000500004100600005200000000000400800070
600900003020400600703000000071080002090010500000070300000000000060090080010500200
000050004070006000010000300008410060009000500001028070000070105020801000000049020
500000070006170030900020010600010009030080020000000000005008002000507000800060004
000000000030500060002080040050060080010070000300020670000000107100800004040900030
006000007001500009004610080005200400000000000090100008030800002050002070000076000
000470000500060730000000219000005900000026001006091070407000508000000002680000000
002005000598700000760010000020000000915040080000007254071006000009800006000000891
001007084009010200007504000108309005040170030000000090000000070800030000700082501
060003007300680010190200000685000130000000000210000000403000006000020009000040870
000100070730090000200064030006001040001300026000200800068400900300900000100000000
000001072050600800610800040100050004800490007040000090029105000070000000001070920
040200080200070030107000000020006300000000000050400090030900500000700100015040600
049000005000831000000000008000090810000007600001000300780410009294700000600900000
607031004003040200090800000400900078700000000002004000100000000060000040048700106
030024000001030705000500800070000000004080057010700900006040300050000020307000060