25
600900003020400600703000000071080002090010500000070300000000000060090080010500200
005900000001600040030700690000000000700400020003001060000000509002008030050004002
050006010070200900000000000047020060000300040010900070020500800403000000500030100
000490000306000007080053090600501080030000050540000300010060003000100024008304060
607031004003040200090800000400900078700000000002004000100000000060000040048700106
000061000300400800060003700500700090040190020600000010400900500002300070000000000
010309547400100000000200690000400870005000004070082005531007009600000000000000310
000400006000370400300061082690057013510000000000003000400800000280040000735006000
600009050000056003040800920000030600000090734000000209780000000319400000450003100
006900000001800300005004610200700400300009007000000096800400100000000000003050700
000000009000007010760900308001600430000000006050070080003001020910003000000005190
058000000002087900000004000060000030300060500000508704096300070001000009000800250
000350004030409007500007010100040000200500100096028000000002070060000009008034061
300400865080000000000603700005000012060500430070102000090000004503800600007300050
700100009020300700409000000060800200000000000070001050000004900046005002010006800
003090007000000000080060040040019700090080003010000005000105000008600500002070006
070010000000052100159780000320074605000260000600800000700040006090000000062000073
108906000903000700052070000000500003010040600000107054800030160400009000031000009
743000062050100400000064500960070005000040000400050801500000000320000600009680050
000108700000026015060040000200009050507200006001000084702094000400500070000070009
300090060700800100000000000900070800000050400570060001100200300003900004045000000
400900300002100004530000000000000000004009060007800002075006200009007008000005003
000240500607000000050800000400010000000004010060050030300001006800006470706000801
406007002008090040000280190530602900000000603000000000100000020002010000074900000
000008000005300680600100004250000801000050000800920300090030002100600400760000000