25
001060090000400060009001507400000080008900400753004000900040708100073049000000600
009010080500028030004000020030070010000000000005080009400700001007050006000204000
800005029206001304040700108000000805905000000000200091000102400004030900000000086
000000100002090000479102000000800269000000008000200730900007005600910000204680071
070020100603000000200300500000030060064700080050090040040070900020008050000000000
500000020006100004000073009300009070409007600700050000145090007070815402000000000
602004050000010200000050009003400000010070690028000700050030000000096570300700000
350000000002008700070001030405090020000050300001040600007010009004006200000000000
000000901010070800008060020002050030400700080000000000001900000020400093005300070
560000009000000080100600450000800000473050000050049600000700005700598000005030974
700008001900030705500002000100900004000000000080003007060004003010020040000000250
479000005000000000500700009900000568007015000004003090000801006020040000001000470
700006004009000000020003810312000097000004026000200000040500000090300078000100200
600107004005040000027060000030005070090030002000200030000006005000051006200400800
680030004034000200000700005508400010042900000100000050020801040000009600000000008
002001049080000501300009000000050000000396200601004003003000002904060000060020000
023070680080000004740500009000010000950607000638050100800300020090006000000800400
008400003000910600107603200019060000704090060000100070400200001050040020000000305
040600019008000034000027000000000690060040000800050007097002560020008000580000000
090700800007050300504000000000500004640090002030100006000000000060900100070002003
008900345043850706602400000000200000000080000000704102000090000500002080700060013
304280000000600020062000000000501800000040000200060705001706904040008200027000013
700100009020300700409000000060800200000000000070001050000004900046005002010006800
040070000001008070027030509006000000700069000000004300370010020080402060000000005
000700400080500900075300010010020600704000000600080040000000000060800003050090100