25
000000680207000000860100004000008079900700102600001500080962305030010000500030000
000600000000007001513900600060000000080005090000006204900078010150020000300000920
049100000001006000005280090096005308010063400000000000003000980700000010060030000
640001702807009010001070009006057000200000000050280000060405003080060004000000105
060010500100005070098004000800000000040000006000003091900302000007508003000100204
097000050008020003300905080000030079004000002210004008050000006003200000000070040
070020800600030070048000000700200009500010060000000000000400080200500010405900600
000007006094030000000001200100080000000002831700010049000000005501900063070060928
002000004079000680038000010013072008000901040200008107040000000700000000891065000
040070000001008070027030509006000000700069000000004300370010020080402060000000005
096030107008700006000090004960000400005020763070560008001004000000200800020003000
100060900006300000728009030000000020000006004000024109009100007580003000003200000
040000900068013000090004003000070030704002008019000004900000801801700000070800206
530670980009000200800000003406000800010300045000000006005000000962010308000928000
800206073006040000005000900010400060007000000000080107479030005000000000008700210
680040000210300000700010098060190007090504080300000005470000250000006040006000001
096030107008700006000090004960000400005020763070560008001004000000200800020003000
000000000020010080600500090400800050200003008000000307070300000010005970090600020
400006800200800009901003056009680002010000590008009700024090000100000400007300000
020050800400010200000000040605007100034026000000000700300070015100040003060000020
015406030000008045008000106040900070000370560300080009004000600180000000060530000
002700800004008006000063000040800050001900700000000000090400100030000600050390007
830000700090003400000018603000000200000040038000820905001070000370960004400100060
000000000500000340090000801000900007002607900010004003074102000800409132029008000
000005902200000085000908370090602000020830000063000800006000000405300000082057090