25
300904020008000000000050010060002075002000360030006040620300051051020706040500080
009050403060049850300000020008905300901000000205600000000002600106008000580704009
000009000000854793079003000700042901003900840900000060208000054400320000000405620
000100700096800021100005604509600000000904360630000907010000000050081000463000158
904010670007090830000008009000000005000800703501700920000904150700082090106000000
400962000760005020008070001050006800004003106300000005002000984800000200509027000
005100070070508200009060800650027019032000000000003000200800040740256000080300600
008504020000307008061800040900006013200100000003900802832050460000003200000000005
400000890800000000315498000008053400000006008230780009103062000000301502024000003
490100030000306700700280100001602904000000200800540013060000008000700000074920500
600000800002090040007084100000900060580763029009400000940000007000602080000540603
060000928004000003070069000702000001080105600310708000040000006038090100001300204
900810000005004706000205801090740500000003070740000000300950600006400013170000004
500600000800540603600031000002000370304000500180063009000057032000006700050204000
000060020000043000245700000000600800019004200700058000490006130106407500080010004
096751000000603040003400006500206084000130200807005000005007020062000000000809001
020001948810600000004027600170090003300000000048053000006100002000074006050900007
010000430700000000000254900170040206000090003003006080001470060000508120090060304
000742139000000020702000040061039000030000406000806390004103200020008000070250063
583719000000050000000080350045160003109005080200000005000608001602071000710000096
030000685000002000004038009000001070000006001071300900000080340007913008603254000
076000093009650000000093806001000008004906120050010709410005000000379451000001000
090650000000092601760000290408005000000279458000004000040000100080906034500040907
000000000490802100753000200531004000009057800800600509000078000085000063300000920
200603000708000000600008004090760351100059200000000400916800070000000120380500900