25
400000001016907008920010050000001000185329000000005810000750009740093000309000027
200000783000000005500060090604700300012090007050002001000940106900138500000070040
300090071700501300800700050008009060002004508479000030000030000010608007250000003
600400000943805706000002040000608079095000160000200008700080013006009000010304000
800000000600000108254681000000070080008024006320908010502037000036000020000250034
805300000000500000000429538003005409080640015050000700000204607040063000069000240
010900000703180000920000516006000750150400000000703060000501040009027601001000200
400000506603204100905600020071300902056000007040020000000070008090100040060008200
240000010600005030030400058000800000700300500010050740126008004000000800503700129
050000020432680005900204000805000000074100090000500064000340000081706040003001006
070002061960000008005006000096010000218000705000420006500067084000003200800000013
600531900000000007549000000200700000007090032090018045020074501400900300003000020
007000600042060003560902100000039200079820000208000904316248000000300016000600000
000007000020005086009080052600002070090004030740598060002000503400000108800309000
000010479200604000730008060040000080500000000097803204006080040051400700073000001
800000010045020030106073000900000007200069100000080004008092501061034800000010070
000520806057806000060000054000000100301000400000134687004670001030019560010200000
430800000081000460000405108158000793003097000007000000070003850804900072000700600
208000000050004006000100830100060000960400370000028501030000980040801207027040000
300090071700501300800700050008009060002004508479000030000030000010608007250000003
050000072009050030080600549006002150100740000500000004090000010734500920800400000
003200800851040000900800000080002400030590062210064038000603050000000910000005007
000000007706080402000003010105690800009000050048050060020100040010006005000708631
940608000060000430000074068000000002201000003000312896020007000300096020010520604
700006420006000080005320601000294567650700000000600000002037000403000092000902830