25
000000026760000150900000300107002400300745081000000035001050600000084000540013070
000008100000610070002049800060020917095807030040000050001405200430006080000001000
420000600000067290607302000976841000004000018001000000100906040062150800000003100
000000807001007000600904000400308060003029180920061004000030406200090053300000008
000000103501004000020010004000308000000000006070561090406830010010700039003106408
001000000004103000856000431607030210010400056000010009000570608068000097740060000
000005029000700000200001070000900000010607240083250001500062030000009086760008910
750190200010000300090000007027000509000007800001004070900378400074001000185000060
020508001408290070000003020680304000000086045014000080100000702856712000200000000
200008000090040087800007054010680000900700100004010530001020000400801006006403800
308015000409700005561008000904000530050001049000000800030007006700390200000080700
000283195000000020208000030000670019560109000090000603300950002020700000080024960
400108005082470030000009040520000080000086021806902000168354000005000304004000000
000070904072041000504000720000000080000308090398000172107009800860030047005080000
045960000026010000800007250910006007680024000204000603008001000000040000000650032
230600100000010000000057004870260415004000700000003920050940831000130600010000000
700500200590062704000070080020910068910007000000000000800005020309020000250091003
406200007208074000050009200000000800031400602000360509100000000004106900000037405
003000420005902300020000060007400830396000045000700000072501900800000200040027600
014076000860000410000004906740090300302005064080003000000530090000000030539000741
928070500000002300060000029007096030000018040200003006670001000040027000801040200
000000010108000030000318967060000302920670000000024670080501026300069100010040000
065070000270000590000051207712000386600803000300000000507080034000030900030006710
204000070000005300913040000400300658102000700500004200000081060026000800091000037
000074096609000804043009000967000531300510000100000000490005120001030709000001008