25
085009102704102000009030704068003427340000005000050000920005000800006040000000200
007284006094050000000096705000700409073020000060000008100002084000030200708000610
870345006009006001050001000030409085090000700700500000603050097010600300020000500
023107900706030040500000300105870000870000160000041700349768000000400039000300000
918436000000900000000100809702304000000071040340000076200000090059740080406009001
100930740006500000073000100090005008000000000004008561301702980009300050007059000
800000900050010430009002805032400608000020003000000091007900580910600300080040070
001084672600007001020010000050090000018705000490800100962300000000500028100000003
000100000500000706260000001300000248010507000694230105030009607006702000008000090
045009070060000009209140003000900000793485000000700390480000051000017004016804000
150090002204050006306000045000031080000000007500000010005062000700100420920004501
020090010001620489049800002000175200050008600008000000900000070080000020374002060
832700060000000005700000081010045070900000000257130000000360050000800047308510900
500002000042000807090000000000000430800904200473600081080000709030009012219070000
030000000006010200708594003000000006802360000000075000060400370500730400003982001
859000700406000010200097080700901068001078040000000090000354000000060000025010403
060040800800720309400000006700100090008070002090500004006000000004007015109204680
860013700003000000001250300500079010400002050902530400000000187000700000004090025
000000590040000813501000020703010040000003005008500369900800000185902700000006002
062500070085067009000009000030000984000130000020005610490700000008690040700000190
900503002200600830601802009800060107050080000000005000000920000016040008492000060
009002085060008030000760000004683190080910000003407000000800006800050403700049000
000000700570000800000578936062039000000120309009000028005704290007010000080690007
608020000032000087910680050800000409004000062000760038000000801501000020290000300
000300000238457000000200380047003200103640008090000003450000706069504000000062004