25
000000026000904008028000340150000060006507080204001000600409513031000000509006000
073140000000907100140000780030000500018500090605071200000090052952814000000050000
207010605095600020800004000000000260000726018000090030050000300604530000012079000
001400900340276001050080070700050010000040685508000700020100000005060302600020000
000453678000008000870006000502000304000034092003260000008000009600080053007302180
000005009090000610760000008400500093915000007083100500070906000000473000349000200
910000370075091000000780090093060800206907040050000060864139000000008604000006000
801060070009000006640301005903210000012000083000073001000700560000600000576182000
000200801276000000900743000103000407060002900500007600000805000000370508050109004
090000530700810040000500807004060010000000000010000703007450962940006180006082000
070100000000598030005060210090256400600040000040000920019400560000003090780000002
190000580000050209085790000462000758000000060000604020010060000750200600603040095
004000020005000003060308405500900072040200000020613009050096000218000090490000007
407900300013020048600030000000040980540780000806000405000302009000000003392000754
790000004042570000000024067264389000009000380008000000407801003000050008080640090
189000267000810009000000001760090010014008705300001000530000072000007590207065000
608479130700060000001508700900305000000720009000801200000900000304080000009050083
000420001340005600190000200680002407700590020200060080000300002920801050000000800
060007093040005860000080500026001000073006901000049070000000058000000612605100009
004520037002009000080067200007000803063701000000093710420000080000000020000842671
600910000205000107030027500304001020060300000009050070000700210000090704400000685
005200070019407530000090000100086000340000000008000000026008040851940006003050890
320059000000103059500000380000486925064000008000000006080205060400670503600001000
000070046096000270702063000485000732000000500000805400009050000150080607037004050
080700031003409000000300640000507490040030000190020753500200070000000002009603080