25
001004000609250003020000000490002170003106008200040360002008450000000700374060000
007801605005000020090050013038000140000410082001098000000134957000500000750900000
004020703800301250200000009000036901107000036300140000000673842000002000082004000
076400100045306000000700040000008600400001000603040800510000009000004501820065073
600000100802705090007196000009000415500009700000061020000007030000000672700003509
920000780000002439000010500000005000040078100068030200605000300734120008200000070
900300800420060193600007020070900005040800006250070080030000049500700000700010008
008072000000050060900608500090010435001004200000065001805003009074000600000700308
640030007501070900000000010004908060080003020000400000400157030208300040750000096
004000600010006420007020905006015000040060871090030000060003008000050032030290004
002370050100029000004061000000004006600250018027000005400830501000000900750000042
008000500063000009415009070000130080800900207000000600050600830000810000204307190
720549000940001000100000080009000070000060024473008005000050038307000091002300500
209007000000386972000009000060750000053000860000608504090000400020065019007900603
400000007002080530000750009005870062603920080090065000007000000006007200000091703
000510920015906000940000100008000000521843000004000083109078300000600800080102040
360400005020050000509070680000000050000507040754000163280000016016380000000060804
400090000800720300000300001034000000600409032200508700090254603008003000000600910
005904600046207831020010000007090000000000050002045306000078000403000920500000703
006005007851020300400090205200500040730000580000400120008900000340087000100050000
063500000027000094094000510000000000000009080000048730000450020200036108051002307
000003007201000006035100004000500020058090003026080400094200000013000600800631500
000800501000500000185297000406720000027000960000086020902050800530602010004000050
768010000091400500000080170000102600053700290016500700004001060070040000000200030
057300406390000218204901003005083002700200100000000074009000820000000000600049000