25
000090205010042608000508900070000000000051762000403800102000000598700000004019080
100005400004790003800240910030020871006000040900070200040506000002430000000000064
204000010159000600800000000000002040000805700002007801000201000985703002321050009
000427000600010040050000100070000680102090034030700200020349000305001000891200000
000800006040027018008000000060700154001040600073600000000400003090000071307910802
900830100001500000006017028000169384160000090000000010000250840008000902302408000
600000097342796000900000000090430060000080900503901700230850000000023540065000300
060100000004090002000000000658427000030900060900083500000800430740256900501009000
900000530000000600610094000000051000029730085061080300000000700832005090740309000
500603800002904031000050600150800400300005200000190000000000060008560074760400100
700003050800000903040010000620071040108009706004206000500002070030000000910004038
000004500063510800500703090090000058050000000732895000320406000000032670906000300
000703480305048000400000903000291548000000010021000090009504100100007000200160034
000008410005009700004061900531900002600257800020600009000800007200000000700106080
600070500900500002007094000800009000000280096100730204300026000429000060061007000
050409000080730160006001750405000307000050092000000510070000008540802030001004000
000068903010302080000000050800900040300800700256473890130000000000000060704019000
409183000000054010051200400906710000020000040000420691000501000730000000005006004
090100700102070080064038009000040020056000000340026001007913000005000040603000007
063500000027000094094000510000000000000009080000048730000450020200036108051002307
090250180050003000006078005000031408017804000080000016905000600000000500000695847
090805720020000006004020038053000801080540000000081065902004000000138492000002000
209007000000386972000009000060750000053000860000608504090000400020065019007900603
900000503800049007070256100000427019002900000000603402080030070000000805004000200
061080030508604200070000800047069000690000410000430600382916000000008000000003082