25
200038600984070031000040000705000200100400000800000496000504000000000185561809000
050097000600300005010560240000000300002734000538000604706000000891000520000006001
007450060060020000080609501000210053014035000050000170000867345000000006806000007
006070105050409000000000208469800510001040036705090800004000000000900060800603400
010000300060000409900070000100090802390010045004053006002530000009020010830000057
506102000000650017810000050000200090900507008051039040008000409765984000009000000
010540008007830940080600100002107000700006002106200000300415000029000500060000003
100600084020009000046800007200015378000003000403908560000000000307000006604000830
020940530013000040004001000400000962006400100902500004040009750070800000360700000
400000000500000480139485000601042008040130500000700004056000001000901306910670000
260401000000062031081000006500000000632985000800000950050306080106570009000004005
920000780000002439000010500000005000040078100068030200605000300734120008200000070
300019600560720031097006000209060003004800106000001007006070304050000002000002000
409501600050009030306000000803902000024000000165000000000750084040010300208400100
000800006178020000000070890010002600724068013300000204000005079090730100060000000
000006043405000906960104000000000800000820300832000691500008000601300008078002460
000370400080429000000001002006000075200700069050000248800000004031900600040250800
070900045000005700206400800000009000010000607400500010090700160132600009000291030
750009138089000006016000040000090000007218600000700002003960000904085000000300029
400000506603204100905600020071300902056000007040020000000070008090100040060008200
405000802920400000000210045600090104000600008042300670006000000009063000154000396
000409053400830000310000409027008000000194872000002000200000005080200014700043620
100396000900000080000284900280000003069800520300600000002015000015700009700020001
008000060000080374029600080700903008030570406006040750000000040080020031000405000
000007409040300200090084005613000070000600500200030090300415020409760008000000007